20

0 20.0 250.0
1 60.0 200.0
2 70.0 280.0
3 90.0 350.0
4 150.0 400.0
5 160.0 300.0
6 200.0 230.0
7 240.0 320.0
8 250.0 150.0
9 350.0 100.0
10 350.0 125.0
11 330.0 200.0
12 350.0 340.0
13 370.0 270.0
14 400.0 200.0
15 450.0 220.0
16 500.0 160.0
17 550.0 220.0
18 600.0 250.0
19 680.0 250.0

0 1 5
0 2 4
0 3 3
1 2 1
2 3 3
2 5 5
3 4 8
4 7 2
4 12 9
5 7 4
5 6 13
7 12 5
6 12 8
6 11 8
6 8 7
8 10 5
8 11 7
11 12 3
9 10 4
9 13 8
10 19 11
12 18 18
9 14 5
14 16 2
14 17 3
16 18 5
16 17 2
17 19 3
18 19 2
15 18 8
12 15 4
13 18 3
13 15 2
10 13 3